    4.53701e-03    3.21347e-04    6.63154e-02    6.84157e-02
    4.56491e-03    3.49247e-04    6.62399e-02    6.89148e-02
    4.59215e-03    3.76483e-04    6.60813e-02    6.94924e-02
    4.61533e-03    3.99667e-04    6.58763e-02    7.00607e-02
    4.63254e-03    4.16872e-04    6.56505e-02    7.05636e-02
    4.64307e-03    4.27403e-04    6.54188e-02    7.09746e-02
    4.64714e-03    4.31473e-04    6.51884e-02    7.12878e-02
    4.64555e-03    4.29882e-04    6.49627e-02    7.15110e-02
    4.63941e-03    4.23745e-04    6.47431e-02    7.16588e-02
    4.62995e-03    4.14279e-04    6.45298e-02    7.17490e-02
    4.61831e-03    4.02647e-04    6.43223e-02    7.17995e-02
    4.60553e-03    3.89863e-04    6.41200e-02    7.18268e-02
    4.59241e-03    3.76748e-04    6.39217e-02    7.18444e-02
    4.57958e-03    3.63915e-04    6.37263e-02    7.18633e-02
    4.56746e-03    3.51789e-04    6.35327e-02    7.18914e-02
    4.55629e-03    3.40626e-04    6.33396e-02    7.19343e-02
    4.54622e-03    3.30554e-04    6.31461e-02    7.19953e-02
    4.53727e-03    3.21599e-04    6.29510e-02    7.20762e-02
    4.52938e-03    3.13717e-04    6.27534e-02    7.21775e-02
    4.52249e-03    3.06820e-04    6.25525e-02    7.22990e-02
    4.51646e-03    3.00792e-04    6.23781e-02    7.24045e-02
    4.51118e-03    2.95512e-04    6.22180e-02    7.25060e-02
    4.50652e-03    2.90855e-04    6.20618e-02    7.26135e-02
    4.50237e-03    2.86707e-04    6.19088e-02    7.27259e-02
    4.49863e-03    2.82964e-04    6.17583e-02    7.28425e-02
    4.49520e-03    2.79536e-04    6.16097e-02    7.29625e-02
    4.49201e-03    2.76348e-04    6.14625e-02    7.30854e-02
    4.48900e-03    2.73337e-04    6.13161e-02    7.32108e-02
    4.48612e-03    2.70453e-04    6.11701e-02    7.33385e-02
    4.48332e-03    2.67657e-04    6.10239e-02    7.34683e-02
    4.48059e-03    2.64919e-04    6.08771e-02    7.36005e-02
    4.47788e-03    2.62217e-04    6.07293e-02    7.37351e-02
    4.47520e-03    2.59536e-04    6.05800e-02    7.38726e-02
    4.47253e-03    2.56866e-04    6.04288e-02    7.40133e-02
    4.46987e-03    2.54199e-04    6.02752e-02    7.41577e-02
    4.46720e-03    2.51533e-04    6.01187e-02    7.43063e-02
    4.46453e-03    2.48868e-04    5.99589e-02    7.44599e-02
    4.46187e-03    2.46205e-04    5.97954e-02    7.46190e-02
    4.45921e-03    2.43547e-04    5.96276e-02    7.47844e-02
    4.45656e-03    2.40896e-04    5.94551e-02    7.49568e-02
    4.45392e-03    2.38258e-04    5.92773e-02    7.51371e-02
    4.45130e-03    2.35635e-04    5.90937e-02    7.53261e-02
    4.44870e-03    2.33033e-04    5.89039e-02    7.55247e-02
    4.44612e-03    2.30455e-04    5.87296e-02    7.57049e-02
    4.44357e-03    2.27905e-04    5.85726e-02    7.58643e-02
    4.44105e-03    2.25388e-04    5.84190e-02    7.60208e-02
    4.43857e-03    2.22907e-04    5.82680e-02    7.61752e-02
    4.43613e-03    2.20465e-04    5.81191e-02    7.63283e-02
    4.43373e-03    2.18065e-04    5.79717e-02    7.64809e-02
    4.43138e-03    2.15709e-04    5.78254e-02    7.66337e-02
    4.42907e-03    2.13400e-04    5.76795e-02    7.67876e-02
    4.42681e-03    2.11140e-04    5.75334e-02    7.69432e-02
    4.42460e-03    2.08931e-04    5.73868e-02    7.71013e-02
    4.42244e-03    2.06773e-04    5.72390e-02    7.72627e-02
    4.42033e-03    2.04667e-04    5.70895e-02    7.74282e-02
    4.41828e-03    2.02616e-04    5.69378e-02    7.75984e-02
    4.41628e-03    2.00618e-04    5.67833e-02    7.77743e-02
    4.41434e-03    1.98675e-04    5.66256e-02    7.79567e-02
    4.41245e-03    1.96785e-04    5.64640e-02    7.81463e-02
    4.41062e-03    1.94949e-04    5.62980e-02    7.83441e-02
    4.40883e-03    1.93167e-04    5.61270e-02    7.85510e-02
    4.40710e-03    1.91436e-04    5.59505e-02    7.87679e-02
    4.40542e-03    1.89756e-04    5.57678e-02    7.89959e-02
    4.40379e-03    1.88126e-04    5.55783e-02    7.92359e-02
    4.40221e-03    1.86545e-04    5.54173e-02    7.94375e-02
    4.40068e-03    1.85009e-04    5.52645e-02    7.96293e-02
    4.39919e-03    1.83519e-04    5.51151e-02    7.98181e-02
    4.39774e-03    1.82072e-04    5.49684e-02    8.00048e-02
    4.39634e-03    1.80667e-04    5.48237e-02    8.01904e-02
    4.39497e-03    1.79300e-04    5.46804e-02    8.03756e-02
    4.39364e-03    1.77972e-04    5.45377e-02    8.05616e-02
    4.39235e-03    1.76680e-04    5.43951e-02    8.07491e-02
    4.39110e-03    1.75422e-04    5.42519e-02    8.09390e-02
    4.38988e-03    1.74198e-04    5.41076e-02    8.11324e-02
    4.38869e-03    1.73005e-04    5.39615e-02    8.13301e-02
    4.38754e-03    1.71842e-04    5.38130e-02    8.15331e-02
    4.38642e-03    1.70709e-04    5.36615e-02    8.17424e-02
    4.38533e-03    1.69603e-04    5.35064e-02    8.19590e-02
    4.38427e-03    1.68525e-04    5.33470e-02    8.21839e-02
    4.38324e-03    1.67473e-04    5.31828e-02    8.24184e-02
    4.38224e-03    1.66447e-04    5.30130e-02    8.26634e-02
    4.38126e-03    1.65446e-04    5.28371e-02    8.29202e-02
    4.38030e-03    1.64470e-04    5.26542e-02    8.31899e-02
    4.37935e-03    1.63519e-04    5.24991e-02    8.34177e-02
    4.37840e-03    1.62592e-04    5.23523e-02    8.36333e-02
    4.37742e-03    1.61689e-04    5.22091e-02    8.38441e-02
    4.37640e-03    1.60810e-04    5.20685e-02    8.40507e-02
    4.37528e-03    1.59954e-04    5.19299e-02    8.42537e-02
    4.37403e-03    1.59123e-04    5.17924e-02    8.44531e-02
    4.37258e-03    1.58316e-04    5.16555e-02    8.46488e-02
    4.37085e-03    1.57532e-04    5.15184e-02    8.48405e-02
    4.36874e-03    1.56773e-04    5.13804e-02    8.50274e-02
    4.36615e-03    1.56039e-04    5.12408e-02    8.52084e-02
    4.36294e-03    1.55329e-04    5.10990e-02    8.53822e-02
    4.35898e-03    1.54643e-04    5.09542e-02    8.55470e-02
    4.35414e-03    1.53983e-04    5.08059e-02    8.57014e-02
    4.34827e-03    1.53347e-04    5.06534e-02    8.58437e-02
    4.34127e-03    1.52737e-04    5.04958e-02    8.59729e-02
    4.33307e-03    1.52152e-04    5.03326e-02    8.60886e-02
    4.32365e-03    1.51592e-04    5.01630e-02    8.61919e-02
    4.31309e-03    1.51057e-04    4.99889e-02    8.62810e-02
    4.30158e-03    1.50548e-04    4.98450e-02    8.62992e-02
    4.28942e-03    1.50064e-04    4.97053e-02    8.62972e-02
    4.27705e-03    1.49605e-04    4.95689e-02    8.62851e-02
    4.26504e-03    1.49171e-04    4.94350e-02    8.62758e-02
    4.25404e-03    1.48763e-04    4.93028e-02    8.62840e-02
    4.24478e-03    1.48378e-04    4.91717e-02    8.63257e-02
    4.23796e-03    1.48018e-04    4.90408e-02    8.64170e-02
    4.23420e-03    1.47681e-04    4.89095e-02    8.65721e-02
    4.23397e-03    1.47368e-04    4.87771e-02    8.68024e-02
    4.23751e-03    1.47078e-04    4.86428e-02    8.71148e-02
    4.24481e-03    1.46810e-04    4.85060e-02    8.75111e-02
    4.25560e-03    1.46564e-04    4.83657e-02    8.79879e-02
    4.26936e-03    1.46339e-04    4.82212e-02    8.85370e-02
    4.28541e-03    1.46134e-04    4.80716e-02    8.91465e-02
    4.30296e-03    1.45948e-04    4.79159e-02    8.98024e-02
    4.32118e-03    1.45782e-04    4.77532e-02    9.04899e-02
    4.33928e-03    1.45633e-04    4.75894e-02    9.11816e-02
    4.35656e-03    1.45502e-04    4.74508e-02    9.18121e-02
    4.37246e-03    1.45386e-04    4.73153e-02    9.24111e-02
    4.38656e-03    1.45287e-04    4.71819e-02    9.29713e-02
    4.39860e-03    1.45202e-04    4.70495e-02    9.34887e-02
    4.40845e-03    1.45130e-04    4.69172e-02    9.39624e-02
    4.41609e-03    1.45071e-04    4.67838e-02    9.43936e-02
    4.42161e-03    1.45025e-04    4.66483e-02    9.47861e-02
    4.42517e-03    1.44989e-04    4.65098e-02    9.51450e-02
    4.42697e-03    1.44963e-04    4.63670e-02    9.54767e-02
    4.42723e-03    1.44948e-04    4.62189e-02    9.57884e-02
    4.42621e-03    1.44941e-04    4.60642e-02    9.60879e-02
    4.42414e-03    1.44942e-04    4.59016e-02    9.63832e-02
    4.42124e-03    1.44950e-04    4.57296e-02    9.66821e-02
    4.41772e-03    1.44966e-04    4.55468e-02    9.69929e-02
    4.41377e-03    1.44989e-04    4.53725e-02    9.72786e-02
    4.40954e-03    1.45017e-04    4.52176e-02    9.75184e-02
    4.40518e-03    1.45052e-04    4.50657e-02    9.77501e-02
    4.40079e-03    1.45093e-04    4.49155e-02    9.79795e-02
    4.39647e-03    1.45138e-04    4.47652e-02    9.82118e-02
    4.39228e-03    1.45189e-04    4.46135e-02    9.84519e-02
    4.38828e-03    1.45246e-04    4.44586e-02    9.87049e-02
    4.38451e-03    1.45307e-04    4.42990e-02    9.89753e-02
    4.38099e-03    1.45372e-04    4.41329e-02    9.92681e-02
    4.37774e-03    1.45443e-04    4.39585e-02    9.95880e-02
    4.37477e-03    1.45517e-04    4.37739e-02    9.99402e-02
    4.37207e-03    1.45596e-04    4.35768e-02    1.00330e-01
    4.36964e-03    1.45678e-04    4.33889e-02    1.00709e-01
    4.36747e-03    1.45764e-04    4.32236e-02    1.01044e-01
    4.36555e-03    1.45853e-04    4.30629e-02    1.01376e-01
    4.36386e-03    1.45944e-04    4.29046e-02    1.01711e-01
    4.36240e-03    1.46037e-04    4.27464e-02    1.02053e-01
    4.36113e-03    1.46132e-04    4.25862e-02    1.02407e-01
    4.36005e-03    1.46227e-04    4.24218e-02    1.02779e-01
    4.35914e-03    1.46323e-04    4.22509e-02    1.03173e-01
    4.35838e-03    1.46418e-04    4.20713e-02    1.03595e-01
    4.35776e-03    1.46513e-04    4.18807e-02    1.04052e-01
    4.35726e-03    1.46605e-04    4.16764e-02    1.04550e-01
    4.35686e-03    1.46695e-04    4.15061e-02    1.04969e-01
    4.35655e-03    1.46781e-04    4.13446e-02    1.05372e-01
    4.35632e-03    1.46863e-04    4.11874e-02    1.05768e-01
    4.35616e-03    1.46941e-04    4.10317e-02    1.06166e-01
    4.35605e-03    1.47013e-04    4.08750e-02    1.06570e-01
    4.35599e-03    1.47079e-04    4.07148e-02    1.06988e-01
    4.35597e-03    1.47138e-04    4.05485e-02    1.07426e-01
    4.35597e-03    1.47189e-04    4.03738e-02    1.07891e-01
    4.35600e-03    1.47233e-04    4.01879e-02    1.08391e-01
    4.35604e-03    1.47268e-04    3.99905e-02    1.08927e-01
    4.35609e-03    1.47295e-04    3.98286e-02    1.09371e-01
    4.35614e-03    1.47312e-04    3.96735e-02    1.09800e-01
    4.35619e-03    1.47319e-04    3.95223e-02    1.10221e-01
    4.35624e-03    1.47317e-04    3.93720e-02    1.10643e-01
    4.35628e-03    1.47304e-04    3.92199e-02    1.11073e-01
    4.35631e-03    1.47282e-04    3.90634e-02    1.11519e-01
    4.35633e-03    1.47249e-04    3.88999e-02    1.11988e-01
    4.35634e-03    1.47205e-04    3.87265e-02    1.12490e-01
    4.35634e-03    1.47152e-04    3.85405e-02    1.13033e-01
    4.35632e-03    1.47088e-04    3.83667e-02    1.13544e-01
    4.35629e-03    1.47014e-04    3.82145e-02    1.13996e-01
    4.35624e-03    1.46931e-04    3.80672e-02    1.14436e-01
    4.35618e-03    1.46838e-04    3.79217e-02    1.14873e-01
    4.35611e-03    1.46735e-04    3.77751e-02    1.15317e-01
    4.35602e-03    1.46624e-04    3.76246e-02    1.15776e-01
    4.35592e-03    1.46504e-04    3.74673e-02    1.16259e-01
    4.35580e-03    1.46376e-04    3.73003e-02    1.16776e-01
    4.35567e-03    1.46240e-04    3.71207e-02    1.17338e-01
    4.35553e-03    1.46096e-04    3.69506e-02    1.17874e-01
    4.35538e-03    1.45946e-04    3.68026e-02    1.18344e-01
    4.35522e-03    1.45790e-04    3.66595e-02    1.18802e-01
    4.35504e-03    1.45628e-04    3.65180e-02    1.19258e-01
    4.35486e-03    1.45461e-04    3.63748e-02    1.19722e-01
    4.35467e-03    1.45289e-04    3.62270e-02    1.20205e-01
    4.35446e-03    1.45113e-04    3.60716e-02    1.20717e-01
    4.35425e-03    1.44933e-04    3.59053e-02    1.21270e-01
    4.35402e-03    1.44751e-04    3.57251e-02    1.21876e-01
    4.35378e-03    1.44566e-04    3.55744e-02    1.22385e-01
    4.35352e-03    1.44379e-04    3.54328e-02    1.22867e-01
    4.35325e-03    1.44192e-04    3.52945e-02    1.23341e-01
    4.35296e-03    1.44003e-04    3.51561e-02    1.23818e-01
    4.35264e-03    1.43815e-04    3.50143e-02    1.24310e-01
    4.35230e-03    1.43627e-04    3.48658e-02    1.24830e-01
    4.35192e-03    1.43439e-04    3.47075e-02    1.25389e-01
    4.35151e-03    1.43253e-04    3.45358e-02    1.26000e-01
    4.35106e-03    1.43069e-04    3.43799e-02    1.26558e-01
    4.35055e-03    1.42888e-04    3.42413e-02    1.27056e-01
    4.34998e-03    1.42708e-04    3.41066e-02    1.27541e-01
    4.34935e-03    1.42532e-04    3.39722e-02    1.28027e-01
    4.34864e-03    1.42359e-04    3.38347e-02    1.28526e-01
    4.34784e-03    1.42190e-04    3.36906e-02    1.29052e-01
    4.34694e-03    1.42024e-04    3.35366e-02    1.29618e-01
    4.34593e-03    1.41863e-04    3.33689e-02    1.30239e-01
    4.34479e-03    1.41706e-04    3.32214e-02    1.30783e-01
    4.34351e-03    1.41553e-04    3.30879e-02    1.31272e-01
    4.34207e-03    1.41404e-04    3.29579e-02    1.31746e-01
    4.34046e-03    1.41261e-04    3.28276e-02    1.32220e-01
    4.33866e-03    1.41121e-04    3.26934e-02    1.32708e-01
    4.33666e-03    1.40987e-04    3.25519e-02    1.33223e-01
    4.33443e-03    1.40857e-04    3.23994e-02    1.33781e-01
    4.33197e-03    1.40731e-04    3.22377e-02    1.34376e-01
    4.32925e-03    1.40610e-04    3.21049e-02    1.34847e-01
    4.32627e-03    1.40493e-04    3.19781e-02    1.35288e-01
    4.32302e-03    1.40381e-04    3.18533e-02    1.35717e-01
    4.31950e-03    1.40272e-04    3.17267e-02    1.36147e-01
    4.31570e-03    1.40167e-04    3.15947e-02    1.36596e-01
    4.31165e-03    1.40065e-04    3.14538e-02    1.37079e-01
    4.30735e-03    1.39967e-04    3.13004e-02    1.37613e-01
    4.30286e-03    1.39872e-04    3.11602e-02    1.38088e-01
    4.29820e-03    1.39779e-04    3.10367e-02    1.38488e-01
    4.29346e-03    1.39689e-04    3.09168e-02    1.38872e-01
    4.28870e-03    1.39601e-04    3.07966e-02    1.39259e-01
    4.28403e-03    1.39515e-04    3.06725e-02    1.39670e-01
    4.27956e-03    1.39430e-04    3.05410e-02    1.40125e-01
    4.27541e-03    1.39347e-04    3.03985e-02    1.40645e-01
    4.27171e-03    1.39264e-04    3.02553e-02    1.41189e-01
    4.26859e-03    1.39182e-04    3.01355e-02    1.41647e-01
    4.26619e-03    1.39099e-04    3.00203e-02    1.42110e-01
    4.26462e-03    1.39017e-04    2.99058e-02    1.42602e-01
    4.26397e-03    1.38934e-04    2.97884e-02    1.43142e-01
    4.26430e-03    1.38850e-04    2.96646e-02    1.43750e-01
    4.26565e-03    1.38766e-04    2.95308e-02    1.44447e-01
    4.26800e-03    1.38679e-04    2.93894e-02    1.45222e-01
    4.27131e-03    1.38591e-04    2.92733e-02    1.45912e-01
    4.27548e-03    1.38501e-04    2.91623e-02    1.46610e-01
    4.28040e-03    1.38409e-04    2.90524e-02    1.47334e-01
    4.28590e-03    1.38314e-04    2.89399e-02    1.48097e-01
    4.29184e-03    1.38217e-04    2.88213e-02    1.48912e-01
    4.29802e-03    1.38116e-04    2.86928e-02    1.49794e-01
    4.30427e-03    1.38013e-04    2.85550e-02    1.50736e-01
    4.31043e-03    1.37906e-04    2.84419e-02    1.51552e-01
    4.31635e-03    1.37796e-04    2.83336e-02    1.52340e-01
    4.32190e-03    1.37683e-04    2.82260e-02    1.53117e-01
    4.32697e-03    1.37566e-04    2.81153e-02    1.53901e-01
    4.33150e-03    1.37446e-04    2.79976e-02    1.54710e-01
    4.33544e-03    1.37323e-04    2.78689e-02    1.55565e-01
    4.33876e-03    1.37196e-04    2.77370e-02    1.56425e-01
    4.34146e-03    1.37066e-04    2.76263e-02    1.57149e-01
    4.34358e-03    1.36932e-04    2.75191e-02    1.57838e-01
    4.34514e-03    1.36796e-04    2.74111e-02    1.58517e-01
    4.34620e-03    1.36656e-04    2.72980e-02    1.59213e-01
    4.34681e-03    1.36514e-04    2.71754e-02    1.59954e-01
    4.34706e-03    1.36370e-04    2.70389e-02    1.60770e-01
    4.34699e-03    1.36223e-04    2.69226e-02    1.61462e-01
    4.34668e-03    1.36075e-04    2.68141e-02    1.62104e-01
    4.34619e-03    1.35924e-04    2.67061e-02    1.62741e-01
    4.34559e-03    1.35773e-04    2.65938e-02    1.63406e-01
    4.34492e-03    1.35620e-04    2.64722e-02    1.64131e-01
    4.34424e-03    1.35467e-04    2.63364e-02    1.64952e-01
    4.34357e-03    1.35313e-04    2.62176e-02    1.65674e-01
    4.34296e-03    1.35160e-04    2.61086e-02    1.66342e-01
    4.34242e-03    1.35007e-04    2.59999e-02    1.67016e-01
    4.34196e-03    1.34854e-04    2.58862e-02    1.67733e-01
    4.34158e-03    1.34703e-04    2.57618e-02    1.68528e-01
    4.34130e-03    1.34553e-04    2.56254e-02    1.69414e-01
    4.34108e-03    1.34405e-04    2.55131e-02    1.70151e-01
    4.34093e-03    1.34260e-04    2.54052e-02    1.70868e-01
    4.34081e-03    1.34116e-04    2.52956e-02    1.71603e-01
    4.34070e-03    1.33975e-04    2.51783e-02    1.72398e-01
    4.34059e-03    1.33837e-04    2.50473e-02    1.73295e-01
    4.34043e-03    1.33703e-04    2.49241e-02    1.74145e-01
    4.34020e-03    1.33572e-04    2.48166e-02    1.74891e-01
    4.33987e-03    1.33444e-04    2.47099e-02    1.75633e-01
    4.33942e-03    1.33321e-04    2.45976e-02    1.76416e-01
    4.33882e-03    1.33201e-04    2.44734e-02    1.77287e-01
    4.33804e-03    1.33085e-04    2.43455e-02    1.78187e-01
    4.33707e-03    1.32974e-04    2.42389e-02    1.78930e-01
    4.33588e-03    1.32866e-04    2.41347e-02    1.79653e-01
    4.33446e-03    1.32763e-04    2.40261e-02    1.80407e-01
    4.33281e-03    1.32665e-04    2.39063e-02    1.81241e-01
    4.33090e-03    1.32570e-04    2.37784e-02    1.82136e-01
    4.32873e-03    1.32480e-04    2.36730e-02    1.82855e-01
    4.32629e-03    1.32394e-04    2.35705e-02    1.83547e-01
    4.32358e-03    1.32313e-04    2.34634e-02    1.84269e-01
    4.32060e-03    1.32235e-04    2.33448e-02    1.85078e-01
    4.31734e-03    1.32162e-04    2.32190e-02    1.85940e-01
    4.31380e-03    1.32092e-04    2.31145e-02    1.86627e-01
    4.30998e-03    1.32027e-04    2.30117e-02    1.87295e-01
    4.30589e-03    1.31965e-04    2.29027e-02    1.88008e-01
    4.30153e-03    1.31906e-04    2.27796e-02    1.88832e-01
    4.29689e-03    1.31851e-04    2.26594e-02    1.89629e-01
    4.29199e-03    1.31800e-04    2.25550e-02    1.90290e-01
    4.28683e-03    1.31752e-04    2.24490e-02    1.90958e-01
    4.28141e-03    1.31706e-04    2.23325e-02    1.91712e-01
    4.27575e-03    1.31664e-04    2.22020e-02    1.92584e-01
    4.26985e-03    1.31625e-04    2.20936e-02    1.93262e-01
    4.26374e-03    1.31588e-04    2.19869e-02    1.93921e-01
    4.25743e-03    1.31554e-04    2.18718e-02    1.94654e-01
    4.25094e-03    1.31523e-04    2.17378e-02    1.95555e-01
    4.24429e-03    1.31494e-04    2.16259e-02    1.96259e-01
    4.23753e-03    1.31467e-04    2.15169e-02    1.96940e-01
    4.23070e-03    1.31443e-04    2.13986e-02    1.97709e-01
    4.22383e-03    1.31420e-04    2.12623e-02    1.98653e-01
    4.21697e-03    1.31400e-04    2.11475e-02    1.99407e-01
    4.21019e-03    1.31383e-04    2.10330e-02    2.00171e-01
    4.20356e-03    1.31367e-04    2.09045e-02    2.01083e-01
    4.19713e-03    1.31353e-04    2.07738e-02    2.02040e-01
    4.19099e-03    1.31342e-04    2.06729e-02    2.02728e-01
    4.18521e-03    1.31332e-04    2.05879e-02    2.03285e-01
    4.17987e-03    1.31324e-04    2.05229e-02    2.03668e-01
    4.17505e-03    1.31318e-04    2.04859e-02    2.03801e-01
    4.17083e-03    1.31314e-04    2.04788e-02    2.03666e-01
    4.16727e-03    1.31312e-04    2.04940e-02    2.03341e-01
    4.16444e-03    1.31312e-04    2.05215e-02    2.02930e-01
    4.16239e-03    1.31314e-04    2.05550e-02    2.02500e-01
    4.16117e-03    1.31318e-04    2.05915e-02    2.02082e-01
    4.16080e-03    1.31324e-04    2.06296e-02    2.01691e-01
    4.16129e-03    1.31332e-04    2.06686e-02    2.01334e-01
    4.16265e-03    1.31341e-04    2.07085e-02    2.01012e-01
    4.16487e-03    1.31352e-04    2.07497e-02    2.00720e-01
    4.16791e-03    1.31366e-04    2.07924e-02    2.00454e-01
    4.17174e-03    1.31381e-04    2.08373e-02    2.00205e-01
    4.17630e-03    1.31397e-04    2.08866e-02    1.99951e-01
    4.18151e-03    1.31416e-04    2.09305e-02    1.99780e-01
    4.18731e-03    1.31436e-04    2.09705e-02    1.99676e-01
    4.19361e-03    1.31458e-04    2.10072e-02    1.99627e-01
    4.20030e-03    1.31482e-04    2.10414e-02    1.99621e-01
    4.20729e-03    1.31507e-04    2.10734e-02    1.99649e-01
    4.21445e-03    1.31533e-04    2.11037e-02    1.99702e-01
    4.22167e-03    1.31561e-04    2.11323e-02    1.99774e-01
    4.22883e-03    1.31591e-04    2.11594e-02    1.99856e-01
    4.23580e-03    1.31621e-04    2.11852e-02    1.99941e-01
    4.24245e-03    1.31653e-04    2.12097e-02    2.00024e-01
    4.24866e-03    1.31686e-04    2.12329e-02    2.00098e-01
    4.25430e-03    1.31720e-04    2.12547e-02    2.00158e-01
    4.25926e-03    1.31754e-04    2.12752e-02    2.00199e-01
    4.26341e-03    1.31790e-04    2.12967e-02    2.00191e-01
    4.26666e-03    1.31826e-04    2.13158e-02    2.00164e-01
    4.26890e-03    1.31863e-04    2.13323e-02    2.00114e-01
    4.27004e-03    1.31900e-04    2.13465e-02    2.00035e-01
    4.27001e-03    1.31937e-04    2.13584e-02    1.99922e-01
    4.26874e-03    1.31975e-04    2.13681e-02    1.99771e-01
    4.26614e-03    1.32012e-04    2.13757e-02    1.99579e-01
    4.26218e-03    1.32050e-04    2.13813e-02    1.99342e-01
    4.25679e-03    1.32087e-04    2.13848e-02    1.99057e-01
    4.24993e-03    1.32125e-04    2.13862e-02    1.98723e-01
    4.24155e-03    1.32161e-04    2.13856e-02    1.98336e-01
    4.23161e-03    1.32198e-04    2.13830e-02    1.97896e-01
    4.22006e-03    1.32233e-04    2.13783e-02    1.97399e-01
    4.20689e-03    1.32268e-04    2.13715e-02    1.96846e-01
    4.19204e-03    1.32302e-04    2.13625e-02    1.96233e-01
    4.17551e-03    1.32336e-04    2.13514e-02    1.95562e-01
    4.15727e-03    1.32368e-04    2.13378e-02    1.94831e-01
    4.13736e-03    1.32399e-04    2.13219e-02    1.94043e-01
    4.11580e-03    1.32429e-04    2.13034e-02    1.93199e-01
    4.09268e-03    1.32458e-04    2.12821e-02    1.92306e-01
    4.06816e-03    1.32486e-04    2.12612e-02    1.91342e-01
    4.04242e-03    1.32512e-04    2.12397e-02    1.90324e-01
    4.01578e-03    1.32537e-04    2.12170e-02    1.89272e-01
    3.98862e-03    1.32560e-04    2.11930e-02    1.88204e-01
    3.96143e-03    1.32582e-04    2.11679e-02    1.87143e-01
    3.93481e-03    1.32602e-04    2.11416e-02    1.86117e-01
    3.90945e-03    1.32621e-04    2.11141e-02    1.85158e-01
    3.88610e-03    1.32639e-04    2.10855e-02    1.84302e-01
    3.86553e-03    1.32655e-04    2.10557e-02    1.83586e-01
    3.84850e-03    1.32669e-04    2.10246e-02    1.83047e-01
    3.83568e-03    1.32682e-04    2.09924e-02    1.82718e-01
    3.82758e-03    1.32694e-04    2.09590e-02    1.82622e-01
    3.82450e-03    1.32704e-04    2.09246e-02    1.82776e-01
    3.82649e-03    1.32713e-04    2.08894e-02    1.83179e-01
    3.83335e-03    1.32721e-04    2.08539e-02    1.83820e-01
    3.84460e-03    1.32728e-04    2.08219e-02    1.84642e-01
    3.85951e-03    1.32733e-04    2.07971e-02    1.85580e-01
    3.87718e-03    1.32737e-04    2.07757e-02    1.86621e-01
    3.89657e-03    1.32741e-04    2.07580e-02    1.87714e-01
    3.91655e-03    1.32743e-04    2.07437e-02    1.88807e-01
    3.93598e-03    1.32744e-04    2.07330e-02    1.89842e-01
    3.95374e-03    1.32745e-04    2.07256e-02    1.90766e-01
    3.96873e-03    1.32745e-04    2.07215e-02    1.91527e-01
    3.97994e-03    1.32745e-04    2.07204e-02    1.92078e-01
    3.98641e-03    1.32744e-04    2.07221e-02    1.92375e-01
    3.98726e-03    1.32743e-04    2.07263e-02    1.92377e-01
    3.98166e-03    1.32742e-04    2.07327e-02    1.92048e-01
    3.96886e-03    1.32740e-04    2.07410e-02    1.91354e-01
    3.94821e-03    1.32739e-04    2.07509e-02    1.90267e-01
    3.91915e-03    1.32738e-04    2.07622e-02    1.88763e-01
    3.88132e-03    1.32737e-04    2.07747e-02    1.86829e-01
    3.83460e-03    1.32737e-04    2.07882e-02    1.84461e-01
    3.77929e-03    1.32737e-04    2.08024e-02    1.81676e-01
    3.71618e-03    1.32739e-04    2.08172e-02    1.78515e-01
    3.64678e-03    1.32741e-04    2.08324e-02    1.75053e-01
    3.57335e-03    1.32745e-04    2.08504e-02    1.71380e-01
    3.49898e-03    1.32751e-04    2.08678e-02    1.67674e-01
    3.42738e-03    1.32758e-04    2.08843e-02    1.64113e-01
    3.36260e-03    1.32767e-04    2.08999e-02    1.60890e-01
    3.30841e-03    1.32778e-04    2.09147e-02    1.58185e-01
    3.26772e-03    1.32790e-04    2.09287e-02    1.56136e-01
    3.24204e-03    1.32805e-04    2.09418e-02    1.54812e-01
    3.23118e-03    1.32821e-04    2.09541e-02    1.54203e-01
    3.23364e-03    1.32838e-04    2.09655e-02    1.54236e-01
    3.24784e-03    1.32857e-04    2.09760e-02    1.54836e-01
    3.27444e-03    1.32876e-04    2.09856e-02    1.56033e-01
    3.31983e-03    1.32896e-04    2.09944e-02    1.58129e-01
    3.39914e-03    1.32916e-04    2.10026e-02    1.61844e-01
    3.53514e-03    1.32936e-04    2.10105e-02    1.68256e-01
    3.74785e-03    1.32955e-04    2.10188e-02    1.78309e-01
    4.03594e-03    1.32972e-04    2.10283e-02    1.91929e-01
    4.36440e-03    1.32988e-04    2.10400e-02    2.07434e-01
    4.67434e-03    1.33001e-04    2.10546e-02    2.22011e-01
    4.90795e-03    1.33013e-04    2.10724e-02    2.32909e-01
    5.02767e-03    1.33021e-04    2.10932e-02    2.38355e-01
    5.02357e-03    1.33028e-04    2.11160e-02    2.37904e-01
    4.91231e-03    1.33032e-04    2.11389e-02    2.32382e-01
    4.73186e-03    1.33034e-04    2.11598e-02    2.23625e-01
    4.53370e-03    1.33035e-04    2.11764e-02    2.14093e-01
    4.37066e-03    1.33035e-04    2.11867e-02    2.06293e-01
    4.28266e-03    1.33037e-04    2.11896e-02    2.02111e-01
    4.28664e-03    1.33040e-04    2.11849e-02    2.02344e-01
    4.37534e-03    1.33048e-04    2.11731e-02    2.06646e-01
    4.52463e-03    1.33062e-04    2.11556e-02    2.13874e-01
    4.70389e-03    1.33084e-04    2.11339e-02    2.22576e-01
    4.88407e-03    1.33117e-04    2.11093e-02    2.31370e-01
    5.04167e-03    1.33164e-04    2.10833e-02    2.39131e-01
    5.15985e-03    1.33228e-04    2.10570e-02    2.45043e-01
    5.22869e-03    1.33312e-04    2.10310e-02    2.48618e-01
    5.24511e-03    1.33420e-04    2.10062e-02    2.49694e-01
    5.21247e-03    1.33555e-04    2.09827e-02    2.48417e-01
    5.13927e-03    1.33721e-04    2.09610e-02    2.45183e-01
    5.03721e-03    1.33921e-04    2.09411e-02    2.40542e-01
    4.91902e-03    1.34160e-04    2.09230e-02    2.35101e-01
    4.79645e-03    1.34440e-04    2.09068e-02    2.29420e-01
    4.67904e-03    1.34764e-04    2.08925e-02    2.23958e-01
    4.57342e-03    1.35135e-04    2.08798e-02    2.19035e-01
    4.48334e-03    1.35557e-04    2.08688e-02    2.14835e-01
    4.41009e-03    1.36030e-04    2.08594e-02    2.11420e-01
    4.35311e-03    1.36557e-04    2.08515e-02    2.08767e-01
    4.31068e-03    1.37139e-04    2.08451e-02    2.06796e-01
    4.28052e-03    1.37775e-04    2.08401e-02    2.05398e-01
    4.26022e-03    1.38467e-04    2.08364e-02    2.04460e-01
    4.24756e-03    1.39212e-04    2.08340e-02    2.03876e-01
    4.24062e-03    1.40011e-04    2.08330e-02    2.03553e-01
    4.23786e-03    1.40860e-04    2.08329e-02    2.03421e-01
    4.23809e-03    1.41757e-04    2.08339e-02    2.03423e-01
    4.24046e-03    1.42699e-04    2.08359e-02    2.03517e-01
    4.24436e-03    1.43681e-04    2.08388e-02    2.03676e-01
    4.24942e-03    1.44700e-04    2.08424e-02    2.03883e-01
    4.25542e-03    1.45751e-04    2.08467e-02    2.04129e-01
    4.26229e-03    1.46828e-04    2.08516e-02    2.04410e-01
    4.27003e-03    1.47926e-04    2.08569e-02    2.04730e-01
    4.27875e-03    1.49040e-04    2.08626e-02    2.05092e-01
    4.28859e-03    1.50163e-04    2.08686e-02    2.05505e-01
    4.29975e-03    1.51290e-04    2.08747e-02    2.05979e-01
    4.31245e-03    1.52415e-04    2.08810e-02    2.06525e-01
    4.32693e-03    1.53532e-04    2.08873e-02    2.07156e-01
    4.34345e-03    1.54635e-04    2.08935e-02    2.07885e-01
    4.36226e-03    1.55719e-04    2.08997e-02    2.08723e-01
    4.38363e-03    1.56778e-04    2.09058e-02    2.09684e-01
    4.40776e-03    1.57809e-04    2.09118e-02    2.10779e-01
    4.43487e-03    1.58805e-04    2.09175e-02    2.12017e-01
    4.46511e-03    1.59763e-04    2.09230e-02    2.13407e-01
    4.49858e-03    1.60679e-04    2.09283e-02    2.14952e-01
    4.53529e-03    1.61549e-04    2.09333e-02    2.16655e-01
    4.57521e-03    1.62371e-04    2.09380e-02    2.18512e-01
    4.61817e-03    1.63142e-04    2.09425e-02    2.20517e-01
    4.66393e-03    1.63859e-04    2.09467e-02    2.22657e-01
    4.71212e-03    1.64522e-04    2.09506e-02    2.24916e-01
    4.76228e-03    1.65128e-04    2.09542e-02    2.27271e-01
    4.81385e-03    1.65677e-04    2.09575e-02    2.29695e-01
    4.86619e-03    1.66169e-04    2.09606e-02    2.32159e-01
    4.91862e-03    1.66603e-04    2.09633e-02    2.34629e-01
    4.97040e-03    1.66981e-04    2.09658e-02    2.37072e-01
    5.02082e-03    1.67302e-04    2.09681e-02    2.39451e-01
    5.06918e-03    1.67568e-04    2.09700e-02    2.41735e-01
    5.11484e-03    1.67781e-04    2.09717e-02    2.43893e-01
    5.15727e-03    1.67942e-04    2.09731e-02    2.45899e-01
    5.19602e-03    1.68054e-04    2.09742e-02    2.47734e-01
    5.23080e-03    1.68120e-04    2.09751e-02    2.49381e-01
    5.26142e-03    1.68141e-04    2.09757e-02    2.50834e-01
    5.28786e-03    1.68122e-04    2.09760e-02    2.52091e-01
    5.31019e-03    1.68065e-04    2.09760e-02    2.53156e-01
    5.32863e-03    1.67973e-04    2.09757e-02    2.54038e-01
    5.34347e-03    1.67852e-04    2.09751e-02    2.54753e-01
    5.35508e-03    1.67704e-04    2.09742e-02    2.55317e-01
    5.36387e-03    1.67533e-04    2.09731e-02    2.55750e-01
    5.37027e-03    1.67344e-04    2.09716e-02    2.56074e-01
    5.37471e-03    1.67141e-04    2.09698e-02    2.56307e-01
    5.37758e-03    1.66928e-04    2.09678e-02    2.56468e-01
    5.37922e-03    1.66709e-04    2.09656e-02    2.56574e-01
    5.37991e-03    1.66489e-04    2.09631e-02    2.56637e-01
    5.37989e-03    1.66272e-04    2.09604e-02    2.56669e-01
    5.37928e-03    1.66061e-04    2.09576e-02    2.56674e-01
    5.37819e-03    1.65862e-04    2.09547e-02    2.56658e-01
    5.37663e-03    1.65679e-04    2.09517e-02    2.56620e-01
    5.37458e-03    1.65514e-04    2.09487e-02    2.56559e-01
    5.37200e-03    1.65373e-04    2.09458e-02    2.56472e-01
    5.36880e-03    1.65258e-04    2.09429e-02    2.56355e-01
    5.36492e-03    1.65173e-04    2.09401e-02    2.56204e-01
    5.36029e-03    1.65121e-04    2.09375e-02    2.56014e-01
    5.35484e-03    1.65104e-04    2.09350e-02    2.55784e-01
    5.34854e-03    1.65127e-04    2.09328e-02    2.55510e-01
    5.34141e-03    1.65189e-04    2.09308e-02    2.55193e-01
    5.33345e-03    1.65295e-04    2.09291e-02    2.54834e-01
    5.32473e-03    1.65444e-04    2.09276e-02    2.54435e-01
    5.31534e-03    1.65639e-04    2.09265e-02    2.54001e-01
    5.30539e-03    1.65880e-04    2.09256e-02    2.53536e-01
    5.29500e-03    1.66168e-04    2.09250e-02    2.53046e-01
    5.28431e-03    1.66502e-04    2.09247e-02    2.52539e-01
    5.27347e-03    1.66883e-04    2.09246e-02    2.52022e-01
    5.26263e-03    1.67310e-04    2.09248e-02    2.51502e-01
    5.25194e-03    1.67781e-04    2.09252e-02    2.50986e-01
    5.24154e-03    1.68295e-04    2.09259e-02    2.50481e-01
    5.23155e-03    1.68851e-04    2.09267e-02    2.49994e-01
    5.22208e-03    1.69445e-04    2.09276e-02    2.49531e-01
    5.21324e-03    1.70077e-04    2.09287e-02    2.49095e-01
    5.20511e-03    1.70743e-04    2.09299e-02    2.48692e-01
    5.19775e-03    1.71440e-04    2.09312e-02    2.48326e-01
    5.19123e-03    1.72164e-04    2.09326e-02    2.47998e-01
    5.18557e-03    1.72914e-04    2.09340e-02    2.47711e-01
    5.18079e-03    1.73684e-04    2.09354e-02    2.47466e-01
    5.17691e-03    1.74471e-04    2.09368e-02    2.47264e-01
    5.17393e-03    1.75273e-04    2.09382e-02    2.47105e-01
    5.17182e-03    1.76083e-04    2.09396e-02    2.46988e-01
    5.17056e-03    1.76900e-04    2.09409e-02    2.46912e-01
    5.17014e-03    1.77719e-04    2.09421e-02    2.46877e-01
    5.17050e-03    1.78537e-04    2.09433e-02    2.46881e-01
    5.17160e-03    1.79349e-04    2.09444e-02    2.46920e-01
    5.17341e-03    1.80153e-04    2.09454e-02    2.46995e-01
    5.17585e-03    1.80945e-04    2.09463e-02    2.47101e-01
    5.17889e-03    1.81722e-04    2.09471e-02    2.47237e-01
    5.18247e-03    1.82481e-04    2.09478e-02    2.47400e-01
    5.18652e-03    1.83220e-04    2.09483e-02    2.47586e-01
    5.19099e-03    1.83935e-04    2.09488e-02    2.47794e-01
    5.19582e-03    1.84625e-04    2.09491e-02    2.48021e-01
    5.20095e-03    1.85287e-04    2.09493e-02    2.48263e-01
    5.20633e-03    1.85921e-04    2.09494e-02    2.48519e-01
    5.21189e-03    1.86524e-04    2.09494e-02    2.48784e-01
    5.21759e-03    1.87095e-04    2.09493e-02    2.49058e-01
    5.22337e-03    1.87634e-04    2.09491e-02    2.49336e-01
    5.22919e-03    1.88140e-04    2.09488e-02    2.49617e-01
    5.23499e-03    1.88612e-04    2.09485e-02    2.49899e-01
    5.24074e-03    1.89051e-04    2.09480e-02    2.50178e-01
    5.24639e-03    1.89456e-04    2.09475e-02    2.50454e-01
    5.25191e-03    1.89828e-04    2.09469e-02    2.50725e-01
    5.25727e-03    1.90168e-04    2.09463e-02    2.50988e-01
    5.26243e-03    1.90475e-04    2.09456e-02    2.51243e-01
    5.26737e-03    1.90752e-04    2.09449e-02    2.51487e-01
    5.27208e-03    1.90998e-04    2.09442e-02    2.51721e-01
    5.27652e-03    1.91215e-04    2.09434e-02    2.51942e-01
    5.28069e-03    1.91406e-04    2.09427e-02    2.52150e-01
    5.28458e-03    1.91570e-04    2.09419e-02    2.52345e-01
    5.28817e-03    1.91709e-04    2.09412e-02    2.52525e-01
    5.29147e-03    1.91826e-04    2.09405e-02    2.52691e-01
    5.29446e-03    1.91921e-04    2.09398e-02    2.52842e-01
    5.29715e-03    1.91997e-04    2.09391e-02    2.52979e-01
    5.29954e-03    1.92055e-04    2.09385e-02    2.53100e-01
    5.30164e-03    1.92097e-04    2.09380e-02    2.53207e-01
    5.30343e-03    1.92124e-04    2.09374e-02    2.53299e-01
    5.30495e-03    1.92139e-04    2.09370e-02    2.53377e-01
    5.30618e-03    1.92142e-04    2.09366e-02    2.53441e-01
    5.30714e-03    1.92136e-04    2.09362e-02    2.53491e-01
    5.30785e-03    1.92122e-04    2.09360e-02    2.53528e-01
    5.30830e-03    1.92101e-04    2.09357e-02    2.53552e-01
    5.30851e-03    1.92075e-04    2.09356e-02    2.53564e-01
    5.30849e-03    1.92045e-04    2.09355e-02    2.53565e-01
    5.30826e-03    1.92013e-04    2.09354e-02    2.53554e-01
    5.30783e-03    1.91979e-04    2.09355e-02    2.53533e-01
    5.30720e-03    1.91944e-04    2.09355e-02    2.53502e-01
    5.30640e-03    1.91910e-04    2.09356e-02    2.53462e-01
    5.30543e-03    1.91877e-04    2.09358e-02    2.53414e-01
    5.30432e-03    1.91846e-04    2.09360e-02    2.53358e-01
    5.30307e-03    1.91817e-04    2.09363e-02    2.53296e-01
    5.30169e-03    1.91792e-04    2.09365e-02    2.53227e-01
    5.30021e-03    1.91769e-04    2.09368e-02    2.53153e-01
    5.29864e-03    1.91750e-04    2.09372e-02    2.53074e-01
    5.29699e-03    1.91735e-04    2.09375e-02    2.52991e-01
    5.29528e-03    1.91723e-04    2.09378e-02    2.52905e-01
    5.29352e-03    1.91716e-04    2.09382e-02    2.52816e-01
    5.29172e-03    1.91712e-04    2.09386e-02    2.52726e-01
    5.28991e-03    1.91711e-04    2.09389e-02    2.52635e-01
    5.28809e-03    1.91714e-04    2.09392e-02    2.52544e-01
    5.28627e-03    1.91719e-04    2.09396e-02    2.52454e-01
    5.28447e-03    1.91727e-04    2.09399e-02    2.52364e-01
    5.28271e-03    1.91737e-04    2.09402e-02    2.52277e-01
    5.28099e-03    1.91749e-04    2.09404e-02    2.52191e-01
    5.27932e-03    1.91762e-04    2.09407e-02    2.52109e-01
    5.27772e-03    1.91775e-04    2.09409e-02    2.52030e-01
    5.27619e-03    1.91789e-04    2.09410e-02    2.51955e-01
    5.27474e-03    1.91802e-04    2.09412e-02    2.51884e-01
    5.27338e-03    1.91814e-04    2.09413e-02    2.51818e-01
    5.27212e-03    1.91825e-04    2.09413e-02    2.51757e-01
    5.27095e-03    1.91833e-04    2.09414e-02    2.51701e-01
    5.26989e-03    1.91839e-04    2.09413e-02    2.51650e-01
    5.26894e-03    1.91841e-04    2.09413e-02    2.51605e-01
    5.26809e-03    1.91840e-04    2.09412e-02    2.51566e-01
    5.26736e-03    1.91835e-04    2.09411e-02    2.51532e-01
    5.26674e-03    1.91825e-04    2.09410e-02    2.51504e-01
    5.26623e-03    1.91810e-04    2.09408e-02    2.51482e-01
    5.26583e-03    1.91790e-04    2.09406e-02    2.51465e-01
    5.26554e-03    1.91764e-04    2.09404e-02    2.51454e-01
    5.26535e-03    1.91732e-04    2.09401e-02    2.51448e-01
    5.26526e-03    1.91694e-04    2.09399e-02    2.51447e-01
    5.26527e-03    1.91649e-04    2.09396e-02    2.51450e-01
    5.26538e-03    1.91598e-04    2.09393e-02    2.51459e-01
    5.26556e-03    1.91541e-04    2.09390e-02    2.51471e-01
    5.26583e-03    1.91477e-04    2.09387e-02    2.51488e-01
    5.26618e-03    1.91406e-04    2.09385e-02    2.51507e-01
    5.26659e-03    1.91328e-04    2.09382e-02    2.51531e-01
    5.26706e-03    1.91244e-04    2.09379e-02    2.51557e-01
    5.26759e-03    1.91153e-04    2.09376e-02    2.51585e-01
    5.26816e-03    1.91057e-04    2.09373e-02    2.51616e-01
    5.26877e-03    1.90953e-04    2.09371e-02    2.51648e-01
    5.26941e-03    1.90844e-04    2.09368e-02    2.51682e-01
    5.27008e-03    1.90730e-04    2.09366e-02    2.51716e-01
    5.27077e-03    1.90610e-04    2.09364e-02    2.51751e-01
    5.27147e-03    1.90485e-04    2.09362e-02    2.51787e-01
    5.27218e-03    1.90355e-04    2.09361e-02    2.51822e-01
    5.27288e-03    1.90220e-04    2.09360e-02    2.51857e-01
    5.27357e-03    1.90082e-04    2.09359e-02    2.51892e-01
    5.27426e-03    1.89939e-04    2.09358e-02    2.51925e-01
    5.27492e-03    1.89794e-04    2.09358e-02    2.51957e-01
    5.27556e-03    1.89645e-04    2.09357e-02    2.51988e-01
    5.27616e-03    1.89494e-04    2.09358e-02    2.52017e-01
    5.27674e-03    1.89340e-04    2.09358e-02    2.52044e-01
    5.27728e-03    1.89184e-04    2.09359e-02    2.52069e-01
    5.27778e-03    1.89027e-04    2.09359e-02    2.52092e-01
    5.27823e-03    1.88869e-04    2.09360e-02    2.52112e-01
    5.27864e-03    1.88709e-04    2.09362e-02    2.52130e-01
    5.27900e-03    1.88549e-04    2.09363e-02    2.52146e-01
    5.27932e-03    1.88389e-04    2.09365e-02    2.52159e-01
    5.27958e-03    1.88229e-04    2.09366e-02    2.52169e-01
    5.27979e-03    1.88069e-04    2.09368e-02    2.52177e-01
    5.27994e-03    1.87910e-04    2.09370e-02    2.52182e-01
    5.28005e-03    1.87751e-04    2.09372e-02    2.52185e-01
    5.28010e-03    1.87594e-04    2.09374e-02    2.52185e-01
    5.28010e-03    1.87437e-04    2.09377e-02    2.52182e-01
    5.28006e-03    1.87282e-04    2.09379e-02    2.52177e-01
    5.27996e-03    1.87128e-04    2.09381e-02    2.52170e-01
    5.27982e-03    1.86975e-04    2.09383e-02    2.52161e-01
    5.27963e-03    1.86824e-04    2.09385e-02    2.52149e-01
    5.27940e-03    1.86675e-04    2.09387e-02    2.52136e-01
    5.27913e-03    1.86528e-04    2.09389e-02    2.52121e-01
    5.27882e-03    1.86382e-04    2.09391e-02    2.52104e-01
    5.27848e-03    1.86237e-04    2.09392e-02    2.52086e-01
    5.27810e-03    1.86094e-04    2.09394e-02    2.52066e-01
    5.27770e-03    1.85953e-04    2.09395e-02    2.52045e-01
    5.27727e-03    1.85813e-04    2.09396e-02    2.52023e-01
    5.27681e-03    1.85675e-04    2.09397e-02    2.52000e-01
    5.27634e-03    1.85538e-04    2.09398e-02    2.51977e-01
    5.27585e-03    1.85402e-04    2.09399e-02    2.51952e-01
    5.27535e-03    1.85267e-04    2.09399e-02    2.51928e-01
    5.27484e-03    1.85133e-04    2.09400e-02    2.51903e-01
    5.27433e-03    1.85000e-04    2.09400e-02    2.51878e-01
    5.27381e-03    1.84867e-04    2.09400e-02    2.51854e-01
    5.27329e-03    1.84735e-04    2.09400e-02    2.51829e-01
    5.27277e-03    1.84603e-04    2.09399e-02    2.51805e-01
    5.27226e-03    1.84472e-04    2.09399e-02    2.51781e-01
    5.27176e-03    1.84340e-04    2.09398e-02    2.51758e-01
    5.27127e-03    1.84208e-04    2.09397e-02    2.51735e-01
    5.27079e-03    1.84076e-04    2.09396e-02    2.51714e-01
    5.27033e-03    1.83944e-04    2.09395e-02    2.51693e-01
    5.26989e-03    1.83811e-04    2.09394e-02    2.51673e-01
    5.26946e-03    1.83677e-04    2.09393e-02    2.51654e-01
    5.26905e-03    1.83542e-04    2.09392e-02    2.51636e-01
    5.26867e-03    1.83407e-04    2.09391e-02    2.51619e-01
    5.26830e-03    1.83271e-04    2.09389e-02    2.51603e-01
    5.26796e-03    1.83133e-04    2.09388e-02    2.51589e-01
    5.26764e-03    1.82994e-04    2.09386e-02    2.51575e-01
    5.26735e-03    1.82854e-04    2.09385e-02    2.51563e-01
    5.26708e-03    1.82713e-04    2.09384e-02    2.51552e-01
    5.26684e-03    1.82571e-04    2.09382e-02    2.51542e-01
    5.26662e-03    1.82427e-04    2.09381e-02    2.51533e-01
    5.26642e-03    1.82282e-04    2.09379e-02    2.51525e-01
    5.26624e-03    1.82136e-04    2.09378e-02    2.51518e-01
    5.26609e-03    1.81988e-04    2.09377e-02    2.51512e-01
    5.26595e-03    1.81840e-04    2.09376e-02    2.51507e-01
    5.26584e-03    1.81690e-04    2.09375e-02    2.51503e-01
    5.26575e-03    1.81539e-04    2.09374e-02    2.51500e-01
    5.26567e-03    1.81387e-04    2.09373e-02    2.51497e-01
    5.26561e-03    1.81234e-04    2.09372e-02    2.51496e-01
    5.26557e-03    1.81080e-04    2.09371e-02    2.51494e-01
    5.26553e-03    1.80925e-04    2.09371e-02    2.51494e-01
    5.26551e-03    1.80770e-04    2.09370e-02    2.51493e-01
    5.26550e-03    1.80615e-04    2.09370e-02    2.51493e-01
    5.26550e-03    1.80459e-04    2.09369e-02    2.51494e-01
    5.26551e-03    1.80302e-04    2.09369e-02    2.51494e-01
    5.26552e-03    1.80146e-04    2.09369e-02    2.51495e-01
    5.26554e-03    1.79990e-04    2.09369e-02    2.51496e-01
    5.26556e-03    1.79833e-04    2.09368e-02    2.51497e-01
    5.26558e-03    1.79677e-04    2.09368e-02    2.51498e-01
    5.26560e-03    1.79522e-04    2.09369e-02    2.51499e-01
    5.26562e-03    1.79367e-04    2.09369e-02    2.51500e-01
    5.26564e-03    1.79213e-04    2.09369e-02    2.51501e-01
    5.26566e-03    1.79059e-04    2.09369e-02    2.51501e-01
    5.26567e-03    1.78907e-04    2.09369e-02    2.51502e-01
    5.26568e-03    1.78755e-04    2.09370e-02    2.51502e-01
    5.26569e-03    1.78605e-04    2.09370e-02    2.51501e-01
    5.26568e-03    1.78456e-04    2.09370e-02    2.51501e-01
    5.26567e-03    1.78309e-04    2.09371e-02    2.51500e-01
    5.26566e-03    1.78163e-04    2.09371e-02    2.51499e-01
    5.26563e-03    1.78019e-04    2.09371e-02    2.51497e-01
    5.26560e-03    1.77876e-04    2.09372e-02    2.51495e-01
    5.26556e-03    1.77735e-04    2.09372e-02    2.51493e-01
    5.26551e-03    1.77597e-04    2.09372e-02    2.51490e-01
    5.26546e-03    1.77460e-04    2.09373e-02    2.51487e-01
    5.26539e-03    1.77325e-04    2.09373e-02    2.51484e-01
    5.26532e-03    1.77191e-04    2.09373e-02    2.51480e-01
    5.26525e-03    1.77060e-04    2.09373e-02    2.51476e-01
    5.26516e-03    1.76932e-04    2.09374e-02    2.51472e-01
    5.26507e-03    1.76805e-04    2.09374e-02    2.51468e-01
    5.26497e-03    1.76680e-04    2.09374e-02    2.51463e-01
    5.26487e-03    1.76557e-04    2.09374e-02    2.51458e-01
    5.26476e-03    1.76437e-04    2.09374e-02    2.51453e-01
    5.26465e-03    1.76318e-04    2.09374e-02    2.51448e-01
    5.26453e-03    1.76202e-04    2.09374e-02    2.51442e-01
    5.26441e-03    1.76088e-04    2.09373e-02    2.51437e-01
    5.26429e-03    1.75976e-04    2.09373e-02    2.51431e-01
    5.26417e-03    1.75865e-04    2.09373e-02    2.51425e-01
    5.26404e-03    1.75757e-04    2.09373e-02    2.51420e-01
    5.26391e-03    1.75651e-04    2.09372e-02    2.51414e-01
    5.26379e-03    1.75546e-04    2.09372e-02    2.51408e-01
    5.26366e-03    1.75444e-04    2.09372e-02    2.51403e-01
    5.26354e-03    1.75343e-04    2.09371e-02    2.51397e-01
    5.26341e-03    1.75244e-04    2.09371e-02    2.51392e-01
    5.26329e-03    1.75146e-04    2.09371e-02    2.51386e-01
    5.26317e-03    1.75050e-04    2.09370e-02    2.51381e-01
    5.26305e-03    1.74956e-04    2.09370e-02    2.51376e-01
    5.26294e-03    1.74863e-04    2.09369e-02    2.51371e-01
    5.26283e-03    1.74772e-04    2.09369e-02    2.51366e-01
    5.26272e-03    1.74682e-04    2.09369e-02    2.51362e-01
    5.26262e-03    1.74594e-04    2.09368e-02    2.51357e-01
    5.26253e-03    1.74506e-04    2.09368e-02    2.51353e-01
    5.26243e-03    1.74420e-04    2.09367e-02    2.51349e-01
    5.26234e-03    1.74336e-04    2.09367e-02    2.51345e-01
    5.26226e-03    1.74252e-04    2.09367e-02    2.51342e-01
    5.26218e-03    1.74170e-04    2.09366e-02    2.51338e-01
    5.26211e-03    1.74089e-04    2.09366e-02    2.51335e-01
    5.26204e-03    1.74008e-04    2.09366e-02    2.51332e-01
    5.26197e-03    1.73929e-04    2.09366e-02    2.51329e-01
    5.26191e-03    1.73851e-04    2.09366e-02    2.51327e-01
    5.26186e-03    1.73774e-04    2.09365e-02    2.51324e-01
    5.26181e-03    1.73698e-04    2.09365e-02    2.51322e-01
    5.26176e-03    1.73623e-04    2.09365e-02    2.51320e-01
    5.26171e-03    1.73549e-04    2.09365e-02    2.51318e-01
    5.26167e-03    1.73475e-04    2.09365e-02    2.51316e-01
    5.26163e-03    1.73403e-04    2.09365e-02    2.51314e-01
    5.26160e-03    1.73331e-04    2.09365e-02    2.51312e-01
    5.26156e-03    1.73260e-04    2.09365e-02    2.51311e-01
    5.26153e-03    1.73191e-04    2.09365e-02    2.51309e-01
    5.26151e-03    1.73122e-04    2.09365e-02    2.51308e-01
    5.26148e-03    1.73054e-04    2.09365e-02    2.51306e-01
    5.26145e-03    1.72986e-04    2.09365e-02    2.51305e-01
    5.26143e-03    1.72920e-04    2.09365e-02    2.51303e-01
    5.26140e-03    1.72854e-04    2.09366e-02    2.51302e-01
    5.26138e-03    1.72790e-04    2.09366e-02    2.51301e-01
    5.26135e-03    1.72726e-04    2.09366e-02    2.51299e-01
    5.26133e-03    1.72663e-04    2.09366e-02    2.51298e-01
    5.26131e-03    1.72601e-04    2.09366e-02    2.51297e-01
    5.26128e-03    1.72539e-04    2.09366e-02    2.51295e-01
    5.26125e-03    1.72479e-04    2.09367e-02    2.51294e-01
    5.26123e-03    1.72419e-04    2.09367e-02    2.51292e-01
    5.26120e-03    1.72361e-04    2.09367e-02    2.51291e-01
    5.26117e-03    1.72302e-04    2.09367e-02    2.51289e-01
    5.26114e-03    1.72245e-04    2.09367e-02    2.51287e-01
    5.26111e-03    1.72189e-04    2.09368e-02    2.51286e-01
    5.26107e-03    1.72133e-04    2.09368e-02    2.51284e-01
    5.26104e-03    1.72078e-04    2.09368e-02    2.51282e-01
    5.26100e-03    1.72024e-04    2.09368e-02    2.51280e-01
    5.26096e-03    1.71971e-04    2.09368e-02    2.51278e-01
    5.26092e-03    1.71918e-04    2.09368e-02    2.51276e-01
    5.26088e-03    1.71866e-04    2.09368e-02    2.51274e-01
    5.26083e-03    1.71815e-04    2.09368e-02    2.51271e-01
    5.26079e-03    1.71764e-04    2.09369e-02    2.51269e-01
    5.26074e-03    1.71714e-04    2.09369e-02    2.51267e-01
    5.26069e-03    1.71665e-04    2.09369e-02    2.51264e-01
    5.26064e-03    1.71616e-04    2.09369e-02    2.51262e-01
    5.26059e-03    1.71568e-04    2.09369e-02    2.51259e-01
    5.26053e-03    1.71520e-04    2.09369e-02    2.51257e-01
    5.26048e-03    1.71473e-04    2.09369e-02    2.51254e-01
    5.26042e-03    1.71426e-04    2.09369e-02    2.51252e-01
    5.26037e-03    1.71380e-04    2.09369e-02    2.51249e-01
    5.26031e-03    1.71334e-04    2.09369e-02    2.51246e-01
    5.26025e-03    1.71288e-04    2.09369e-02    2.51243e-01
    5.26019e-03    1.71243e-04    2.09369e-02    2.51241e-01
    5.26014e-03    1.71198e-04    2.09369e-02    2.51238e-01
    5.26008e-03    1.71153e-04    2.09369e-02    2.51235e-01
    5.26002e-03    1.71109e-04    2.09369e-02    2.51232e-01
    5.25996e-03    1.71065e-04    2.09369e-02    2.51229e-01
    5.25990e-03    1.71021e-04    2.09369e-02    2.51227e-01
    5.25984e-03    1.70977e-04    2.09369e-02    2.51224e-01
    5.25978e-03    1.70933e-04    2.09369e-02    2.51221e-01
    5.25972e-03    1.70890e-04    2.09369e-02    2.51218e-01
    5.25966e-03    1.70846e-04    2.09369e-02    2.51215e-01
    5.25961e-03    1.70803e-04    2.09369e-02    2.51213e-01
    5.25955e-03    1.70760e-04    2.09369e-02    2.51210e-01
    5.25949e-03    1.70717e-04    2.09369e-02    2.51207e-01
    5.25944e-03    1.70673e-04    2.09369e-02    2.51204e-01
    5.25938e-03    1.70630e-04    2.09369e-02    2.51202e-01
    5.25933e-03    1.70587e-04    2.09369e-02    2.51199e-01
    5.25928e-03    1.70544e-04    2.09369e-02    2.51196e-01
    5.25922e-03    1.70501e-04    2.09369e-02    2.51194e-01
    5.25917e-03    1.70458e-04    2.09369e-02    2.51191e-01
    5.25912e-03    1.70414e-04    2.09370e-02    2.51188e-01
    5.25907e-03    1.70371e-04    2.09370e-02    2.51186e-01
    5.25902e-03    1.70328e-04    2.09370e-02    2.51183e-01
    5.25897e-03    1.70284e-04    2.09370e-02    2.51181e-01
    5.25892e-03    1.70241e-04    2.09370e-02    2.51178e-01
    5.25887e-03    1.70198e-04    2.09370e-02    2.51176e-01
    5.25883e-03    1.70154e-04    2.09371e-02    2.51173e-01
    5.25878e-03    1.70111e-04    2.09371e-02    2.51171e-01
    5.25874e-03    1.70067e-04    2.09371e-02    2.51168e-01
    5.25869e-03    1.70024e-04    2.09371e-02    2.51166e-01
    5.25865e-03    1.69980e-04    2.09371e-02    2.51164e-01
    5.25860e-03    1.69937e-04    2.09372e-02    2.51161e-01
    5.25856e-03    1.69893e-04    2.09372e-02    2.51159e-01
    5.25852e-03    1.69850e-04    2.09372e-02    2.51157e-01
    5.25847e-03    1.69807e-04    2.09372e-02    2.51154e-01
    5.25843e-03    1.69763e-04    2.09372e-02    2.51152e-01
    5.25839e-03    1.69720e-04    2.09373e-02    2.51150e-01
    5.25835e-03    1.69677e-04    2.09373e-02    2.51147e-01
    5.25831e-03    1.69634e-04    2.09373e-02    2.51145e-01
    5.25826e-03    1.69591e-04    2.09373e-02    2.51143e-01
    5.25822e-03    1.69548e-04    2.09374e-02    2.51141e-01
    5.25818e-03    1.69506e-04    2.09374e-02    2.51138e-01
    5.25814e-03    1.69463e-04    2.09374e-02    2.51136e-01
    5.25810e-03    1.69421e-04    2.09374e-02    2.51134e-01
    5.25806e-03    1.69379e-04    2.09375e-02    2.51132e-01
    5.25802e-03    1.69337e-04    2.09375e-02    2.51130e-01
    5.25798e-03    1.69295e-04    2.09375e-02    2.51128e-01
    5.25794e-03    1.69254e-04    2.09375e-02    2.51125e-01
    5.25790e-03    1.69213e-04    2.09375e-02    2.51123e-01
    5.25786e-03    1.69172e-04    2.09376e-02    2.51121e-01
    5.25782e-03    1.69131e-04    2.09376e-02    2.51119e-01
    5.25778e-03    1.69091e-04    2.09376e-02    2.51117e-01
    5.25774e-03    1.69051e-04    2.09376e-02    2.51115e-01
    5.25770e-03    1.69011e-04    2.09376e-02    2.51113e-01
    5.25766e-03    1.68972e-04    2.09376e-02    2.51111e-01
    5.25762e-03    1.68932e-04    2.09377e-02    2.51108e-01
    5.25759e-03    1.68894e-04    2.09377e-02    2.51106e-01
    5.25755e-03    1.68855e-04    2.09377e-02    2.51104e-01
    5.25751e-03    1.68817e-04    2.09377e-02    2.51102e-01
    5.25747e-03    1.68780e-04    2.09377e-02    2.51100e-01
    5.25743e-03    1.68742e-04    2.09377e-02    2.51098e-01
    5.25739e-03    1.68705e-04    2.09378e-02    2.51096e-01
    5.25736e-03    1.68669e-04    2.09378e-02    2.51094e-01
    5.25732e-03    1.68633e-04    2.09378e-02    2.51093e-01
    5.25728e-03    1.68597e-04    2.09378e-02    2.51091e-01
    5.25725e-03    1.68561e-04    2.09378e-02    2.51089e-01
    5.25721e-03    1.68527e-04    2.09378e-02    2.51087e-01
    5.25717e-03    1.68492e-04    2.09378e-02    2.51085e-01
    5.25714e-03    1.68458e-04    2.09378e-02    2.51083e-01
    5.25710e-03    1.68424e-04    2.09379e-02    2.51081e-01
    5.25707e-03    1.68391e-04    2.09379e-02    2.51079e-01
    5.25703e-03    1.68358e-04    2.09379e-02    2.51078e-01
    5.25700e-03    1.68326e-04    2.09379e-02    2.51076e-01
    5.25697e-03    1.68294e-04    2.09379e-02    2.51074e-01
    5.25693e-03    1.68263e-04    2.09379e-02    2.51072e-01
    5.25690e-03    1.68232e-04    2.09379e-02    2.51071e-01
    5.25687e-03    1.68202e-04    2.09379e-02    2.51069e-01
    5.25684e-03    1.68172e-04    2.09379e-02    2.51067e-01
    5.25681e-03    1.68142e-04    2.09380e-02    2.51066e-01
    5.25678e-03    1.68114e-04    2.09380e-02    2.51064e-01
    5.25675e-03    1.68085e-04    2.09380e-02    2.51063e-01
    5.25672e-03    1.68057e-04    2.09380e-02    2.51061e-01
    5.25669e-03    1.68030e-04    2.09380e-02    2.51060e-01
    5.25666e-03    1.68003e-04    2.09380e-02    2.51058e-01
    5.25663e-03    1.67977e-04    2.09380e-02    2.51057e-01
    5.25660e-03    1.67951e-04    2.09380e-02    2.51055e-01
    5.25658e-03    1.67926e-04    2.09381e-02    2.51054e-01
    5.25655e-03    1.67901e-04    2.09381e-02    2.51052e-01
    5.25653e-03    1.67877e-04    2.09381e-02    2.51051e-01
    5.25650e-03    1.67854e-04    2.09381e-02    2.51050e-01
    5.25648e-03    1.67831e-04    2.09381e-02    2.51048e-01
    5.25645e-03    1.67809e-04    2.09381e-02    2.51047e-01
    5.25643e-03    1.67787e-04    2.09381e-02    2.51046e-01
    5.25641e-03    1.67766e-04    2.09381e-02    2.51045e-01
    5.25638e-03    1.67746e-04    2.09382e-02    2.51043e-01
    5.25636e-03    1.67726e-04    2.09382e-02    2.51042e-01
    5.25634e-03    1.67707e-04    2.09382e-02    2.51041e-01
    5.25632e-03    1.67688e-04    2.09382e-02    2.51040e-01
    5.25630e-03    1.67670e-04    2.09382e-02    2.51039e-01
    5.25628e-03    1.67653e-04    2.09382e-02    2.51038e-01
    5.25626e-03    1.67636e-04    2.09382e-02    2.51037e-01
    5.25624e-03    1.67620e-04    2.09382e-02    2.51036e-01
    5.25623e-03    1.67605e-04    2.09382e-02    2.51035e-01
    5.25621e-03    1.67591e-04    2.09383e-02    2.51034e-01
    5.25619e-03    1.67577e-04    2.09383e-02    2.51033e-01
    5.25618e-03    1.67564e-04    2.09383e-02    2.51032e-01
    5.25616e-03    1.67551e-04    2.09383e-02    2.51031e-01
    5.25615e-03    1.67540e-04    2.09383e-02    2.51030e-01
    5.25613e-03    1.67529e-04    2.09383e-02    2.51030e-01
    5.25612e-03    1.67518e-04    2.09383e-02    2.51029e-01
    5.25611e-03    1.67509e-04    2.09383e-02    2.51028e-01
    5.25609e-03    1.67500e-04    2.09383e-02    2.51027e-01
    5.25608e-03    1.67492e-04    2.09383e-02    2.51027e-01
    5.25607e-03    1.67484e-04    2.09383e-02    2.51026e-01
    5.25606e-03    1.67478e-04    2.09383e-02    2.51026e-01
    5.25605e-03    1.67472e-04    2.09383e-02    2.51025e-01
    5.25604e-03    1.67467e-04    2.09384e-02    2.51025e-01
    5.25603e-03    1.67463e-04    2.09384e-02    2.51024e-01
    5.25603e-03    1.67459e-04    2.09384e-02    2.51024e-01
    5.25602e-03    1.67456e-04    2.09384e-02    2.51023e-01
    5.25601e-03    1.67454e-04    2.09384e-02    2.51023e-01
    5.25601e-03    1.67453e-04    2.09384e-02    2.51023e-01
    5.25600e-03    1.67453e-04    2.09384e-02    2.51022e-01
    5.25600e-03    1.67453e-04    2.09384e-02    2.51022e-01
    5.25599e-03    1.67454e-04    2.09384e-02    2.51022e-01
    5.25599e-03    1.67456e-04    2.09384e-02    2.51022e-01
    5.25599e-03    1.67458e-04    2.09384e-02    2.51021e-01
    5.25599e-03    1.67462e-04    2.09384e-02    2.51021e-01
    5.25599e-03    1.67466e-04    2.09384e-02    2.51021e-01
    5.25599e-03    1.67471e-04    2.09384e-02    2.51021e-01
    5.25599e-03    1.67477e-04    2.09384e-02    2.51021e-01
    5.25599e-03    1.67483e-04    2.09384e-02    2.51021e-01
    5.25599e-03    1.67491e-04    2.09384e-02    2.51021e-01
    5.25599e-03    1.67499e-04    2.09384e-02    2.51021e-01
    5.25600e-03    1.67508e-04    2.09384e-02    2.51021e-01
    5.25600e-03    1.67518e-04    2.09384e-02    2.51022e-01
    5.25601e-03    1.67528e-04    2.09384e-02    2.51022e-01
    5.25601e-03    1.67539e-04    2.09384e-02    2.51022e-01
    5.25602e-03    1.67552e-04    2.09385e-02    2.51022e-01
    5.25603e-03    1.67564e-04    2.09385e-02    2.51023e-01
    5.25603e-03    1.67578e-04    2.09385e-02    2.51023e-01
    5.25604e-03    1.67592e-04    2.09385e-02    2.51023e-01
    5.25605e-03    1.67608e-04    2.09385e-02    2.51024e-01
    5.25606e-03    1.67624e-04    2.09385e-02    2.51024e-01
    5.25607e-03    1.67640e-04    2.09385e-02    2.51025e-01
    5.25608e-03    1.67658e-04    2.09385e-02    2.51025e-01
    5.25610e-03    1.67676e-04    2.09385e-02    2.51026e-01
    5.25611e-03    1.67695e-04    2.09385e-02    2.51026e-01
    5.25613e-03    1.67715e-04    2.09385e-02    2.51027e-01
    5.25614e-03    1.67735e-04    2.09385e-02    2.51028e-01
    5.25616e-03    1.67757e-04    2.09385e-02    2.51028e-01
    5.25617e-03    1.67779e-04    2.09385e-02    2.51029e-01
    5.25619e-03    1.67801e-04    2.09385e-02    2.51030e-01
    5.25621e-03    1.67825e-04    2.09385e-02    2.51031e-01
    5.25623e-03    1.67849e-04    2.09385e-02    2.51032e-01
    5.25624e-03    1.67874e-04    2.09385e-02    2.51032e-01
    5.25626e-03    1.67899e-04    2.09385e-02    2.51033e-01
    5.25629e-03    1.67926e-04    2.09385e-02    2.51034e-01
    5.25631e-03    1.67953e-04    2.09385e-02    2.51035e-01
    5.25633e-03    1.67980e-04    2.09385e-02    2.51036e-01
    5.25635e-03    1.68009e-04    2.09385e-02    2.51037e-01
    5.25638e-03    1.68038e-04    2.09385e-02    2.51038e-01
    5.25640e-03    1.68067e-04    2.09385e-02    2.51040e-01
    5.25643e-03    1.68098e-04    2.09385e-02    2.51041e-01
    5.25645e-03    1.68129e-04    2.09385e-02    2.51042e-01
    5.25648e-03    1.68160e-04    2.09385e-02    2.51043e-01
    5.25650e-03    1.68192e-04    2.09385e-02    2.51045e-01
    5.25653e-03    1.68225e-04    2.09385e-02    2.51046e-01
    5.25656e-03    1.68259e-04    2.09385e-02    2.51047e-01
    5.25659e-03    1.68293e-04    2.09385e-02    2.51049e-01
    5.25662e-03    1.68327e-04    2.09385e-02    2.51050e-01
    5.25665e-03    1.68362e-04    2.09385e-02    2.51051e-01
    5.25668e-03    1.68398e-04    2.09385e-02    2.51053e-01
    5.25671e-03    1.68434e-04    2.09385e-02    2.51054e-01
    5.25675e-03    1.68471e-04    2.09385e-02    2.51056e-01
    5.25678e-03    1.68508e-04    2.09385e-02    2.51057e-01
    5.25681e-03    1.68546e-04    2.09385e-02    2.51059e-01
    5.25685e-03    1.68584e-04    2.09385e-02    2.51061e-01
    5.25688e-03    1.68623e-04    2.09385e-02    2.51062e-01
    5.25692e-03    1.68662e-04    2.09385e-02    2.51064e-01
    5.25695e-03    1.68702e-04    2.09385e-02    2.51066e-01
    5.25699e-03    1.68742e-04    2.09385e-02    2.51067e-01
    5.25702e-03    1.68783e-04    2.09385e-02    2.51069e-01
    5.25706e-03    1.68824e-04    2.09385e-02    2.51071e-01
    5.25710e-03    1.68865e-04    2.09385e-02    2.51073e-01
    5.25714e-03    1.68907e-04    2.09385e-02    2.51075e-01
    5.25718e-03    1.68949e-04    2.09385e-02    2.51077e-01
    5.25722e-03    1.68991e-04    2.09385e-02    2.51078e-01
    5.25726e-03    1.69034e-04    2.09385e-02    2.51080e-01
    5.25730e-03    1.69077e-04    2.09385e-02    2.51082e-01
    5.25734e-03    1.69121e-04    2.09385e-02    2.51084e-01
    5.25738e-03    1.69165e-04    2.09385e-02    2.51086e-01
    5.25742e-03    1.69209e-04    2.09385e-02    2.51088e-01
    5.25746e-03    1.69253e-04    2.09385e-02    2.51090e-01
    5.25750e-03    1.69298e-04    2.09385e-02    2.51092e-01
    5.25754e-03    1.69342e-04    2.09385e-02    2.51094e-01
    5.25759e-03    1.69387e-04    2.09385e-02    2.51096e-01
    5.25763e-03    1.69433e-04    2.09385e-02    2.51098e-01
    5.25767e-03    1.69478e-04    2.09385e-02    2.51100e-01
    5.25771e-03    1.69524e-04    2.09385e-02    2.51102e-01
    5.25776e-03    1.69570e-04    2.09385e-02    2.51104e-01
    5.25780e-03    1.69616e-04    2.09385e-02    2.51106e-01
    5.25785e-03    1.69662e-04    2.09385e-02    2.51109e-01
    5.25789e-03    1.69708e-04    2.09385e-02    2.51111e-01
    5.25793e-03    1.69754e-04    2.09385e-02    2.51113e-01
    5.25798e-03    1.69801e-04    2.09385e-02    2.51115e-01
    5.25802e-03    1.69847e-04    2.09385e-02    2.51117e-01
    5.25807e-03    1.69894e-04    2.09385e-02    2.51119e-01
    5.25811e-03    1.69940e-04    2.09385e-02    2.51121e-01
    5.25816e-03    1.69987e-04    2.09385e-02    2.51123e-01
    5.25820e-03    1.70034e-04    2.09385e-02    2.51126e-01
    5.25825e-03    1.70080e-04    2.09385e-02    2.51128e-01
    5.25829e-03    1.70127e-04    2.09385e-02    2.51130e-01
    5.25834e-03    1.70174e-04    2.09385e-02    2.51132e-01
